11303.0 1 71 428 97 449
11304.0 1 69 426 97 448
11305.0 1 68 424 98 447
11306.0 1 69 425 97 446
11307.0 1 69 425 96 446
11308.0 1 69 424 97 446
11309.0 1 69 424 97 445
11310.0 1 69 424 97 445
11311.0 1 70 424 97 446
11312.0 1 69 424 98 446
11313.0 1 70 424 98 446
11316.0 1 70 424 98 446
11317.0 1 69 425 101 450
11319.0 1 69 425 102 450
11328.0 1 73 430 106 456
11329.0 1 73 431 107 457
11330.0 1 75 431 106 456
11330.0 4 81 375 110 397
11331.0 1 75 432 107 456
11331.0 4 82 375 111 397
11332.0 4 83 374 111 396
11333.0 4 84 373 111 395
11334.0 4 84 372 112 393
11335.0 4 85 370 112 392
11336.0 4 85 368 113 390
11337.0 1 79 423 107 444
11337.0 4 84 366 112 388
11338.0 1 80 423 107 444
11338.0 4 84 364 112 387
11339.0 1 80 422 107 444
11339.0 4 84 363 112 385
11340.0 1 80 422 107 443
11340.0 4 84 362 112 384
11341.0 1 80 422 108 443
11341.0 4 84 361 112 383
11342.0 1 80 421 108 443
11342.0 4 84 359 113 383
11343.0 1 80 421 108 442
11343.0 4 84 359 113 382
11344.0 1 81 421 108 443
11344.0 4 85 359 114 382
11345.0 1 81 421 109 443
11345.0 4 86 359 115 383
11346.0 1 82 422 109 443
11346.0 4 87 360 116 384
11347.0 1 83 422 111 444
11347.0 4 88 360 117 384
11348.0 1 84 422 112 444
11348.0 4 89 361 118 385
11349.0 1 86 423 114 446
11349.0 4 90 362 120 386
11350.0 1 87 424 116 447
11350.0 4 92 363 121 387
11351.0 1 88 425 117 448
11351.0 4 93 365 122 390
11352.0 1 89 427 118 450
11352.0 4 94 367 124 392
11353.0 1 89 429 118 453
11353.0 4 93 369 124 394
11354.0 1 88 432 118 455
11354.0 4 94 371 124 395
11355.0 1 88 432 118 456
11355.0 4 94 371 124 396
11356.0 1 88 434 117 457
11356.0 4 93 371 124 396
11356.0 5 57 366 83 387
11357.0 1 88 434 117 457
11357.0 4 93 370 124 395
11357.0 5 58 365 82 385
11358.0 1 88 434 117 458
11358.0 4 93 369 124 394
11358.0 5 57 364 82 384
11359.0 1 89 435 118 458
11359.0 4 94 367 125 393
11359.0 5 57 363 81 383
11360.0 1 90 435 120 458
11360.0 4 95 365 126 391
11360.0 5 57 362 82 383
11361.0 1 92 435 121 458
11361.0 4 96 363 127 388
11361.0 5 56 362 82 383
11362.0 1 93 434 123 458
11362.0 4 98 361 130 387
11362.0 5 57 362 83 383
11363.0 1 95 434 125 458
11363.0 4 100 359 132 384
11363.0 5 57 362 84 383
11364.0 1 97 433 127 458
11364.0 4 102 356 133 382
11364.0 5 58 363 84 383
11365.0 1 99 433 129 457
11365.0 4 103 354 134 380
11365.0 5 59 363 85 384
11366.0 1 100 432 130 457
11366.0 4 103 353 134 378
11366.0 5 61 364 87 385
11367.0 1 100 432 131 456
11367.0 4 103 351 134 377
11367.0 5 62 366 88 387
11368.0 1 100 431 131 456
11368.0 4 103 350 134 376
11368.0 5 63 367 90 388
11369.0 1 100 431 131 456
11369.0 4 103 349 134 375
11369.0 5 65 369 91 390
11370.0 1 99 432 131 457
11370.0 4 102 348 134 375
11370.0 5 65 371 91 392
11371.0 1 99 432 130 457
11371.0 4 102 348 134 375
11371.0 5 65 373 91 394
11372.0 1 99 433 129 458
11372.0 4 103 349 135 376
11372.0 5 64 375 90 395
11373.0 1 98 433 130 459
11373.0 4 104 349 137 376
11373.0 5 64 375 90 396
11374.0 1 99 435 131 460
11374.0 4 105 350 138 377
11374.0 5 63 375 89 396
11375.0 1 100 436 133 462
11375.0 4 107 351 140 378
11375.0 5 62 375 89 397
11376.0 1 103 437 135 463
11376.0 4 109 352 143 380
11376.0 5 62 375 89 396
11377.0 1 107 439 140 466
11377.0 4 111 354 146 383
11377.0 5 63 374 91 396
11378.0 1 110 442 143 468
11378.0 4 113 357 147 385
11378.0 5 64 373 92 396
11379.0 1 112 443 145 470
11379.0 4 114 360 148 388
11379.0 5 65 372 94 395
11380.0 1 112 444 147 472
11380.0 4 113 361 149 390
11380.0 5 67 371 96 394
11381.0 1 113 446 147 474
11381.0 4 113 362 149 392
11381.0 5 68 369 98 393
11382.0 1 113 446 148 474
11382.0 4 113 363 149 393
11382.0 5 68 367 99 391
11383.0 1 111 446 147 474
11383.0 4 112 362 151 394
11383.0 5 68 365 99 389
11384.0 1 111 446 147 474
11384.0 4 112 362 152 394
11384.0 5 69 364 98 387
11385.0 1 111 446 146 475
11385.0 4 113 361 152 393
11385.0 5 68 362 98 385
11386.0 1 111 446 147 475
11386.0 4 116 361 153 391
11386.0 5 68 361 97 384
11387.0 1 112 445 148 474
11387.0 4 119 359 156 389
11387.0 5 68 361 97 384
11388.0 1 113 445 150 474
11388.0 4 121 357 159 387
11388.0 5 68 360 97 383
11389.0 1 115 445 153 475
11389.0 4 124 354 162 384
11389.0 5 68 360 97 384
11390.0 1 119 445 155 474
11390.0 4 127 352 164 382
11390.0 5 68 361 97 384
11391.0 1 121 444 159 474
11391.0 4 127 348 166 379
11391.0 5 68 360 97 384
11392.0 1 123 443 162 473
11392.0 4 128 344 167 376
11392.0 5 69 361 98 384
11393.0 1 125 442 163 472
11393.0 4 130 342 168 373
11393.0 5 71 360 100 384
11394.0 1 127 442 165 471
11394.0 4 130 340 168 371
11394.0 5 73 361 102 385
11395.0 1 127 442 165 472
11395.0 4 131 339 169 370
11395.0 5 75 362 104 386
11396.0 1 127 443 166 474
11396.0 4 132 339 169 369
11396.0 5 76 364 106 388
11397.0 1 126 445 166 476
11397.0 4 132 339 169 370
11397.0 5 77 365 107 389
11398.0 1 127 447 166 478
11398.0 4 132 339 170 370
11398.0 5 78 367 108 392
11399.0 1 127 449 167 481
11399.0 4 133 338 172 370
11399.0 5 78 369 108 393
11400.0 1 129 452 169 483
11400.0 4 135 338 174 371
11400.0 5 78 370 108 395
11401.0 1 132 455 171 485
11401.0 4 136 338 177 371
11401.0 5 77 371 108 396
11402.0 1 136 459 177 492
11402.0 4 141 340 182 373
11402.0 5 77 371 109 397
11403.0 1 140 463 181 496
11403.0 4 144 342 185 376
11403.0 5 78 371 110 397
11404.0 1 144 467 184 499
11404.0 4 146 344 188 378
11404.0 5 79 371 111 397
11405.0 1 145 470 187 503
11405.0 4 148 346 190 381
11405.0 5 81 372 112 397
11406.0 1 146 473 188 507
11406.0 4 148 348 191 382
11406.0 5 82 371 114 397
11407.0 1 146 475 189 509
11407.0 4 149 348 191 383
11407.0 5 85 371 116 396
11408.0 1 147 477 189 510
11408.0 4 148 348 191 383
11408.0 5 86 369 117 395
11409.0 1 147 477 188 510
11409.0 4 148 347 192 382
11409.0 5 87 368 119 394
11410.0 1 147 477 188 510
11410.0 4 150 346 193 381
11410.0 5 90 368 121 393
11411.0 1 147 477 189 511
11411.0 4 152 343 195 378
11411.0 5 89 365 122 391
11412.0 1 148 477 191 511
11412.0 4 155 341 198 376
11412.0 5 89 363 121 389
11412.0 12 80 407 106 427
11413.0 1 150 476 194 511
11413.0 4 159 340 202 375
11413.0 5 89 360 121 387
11413.0 12 80 408 105 429
11414.0 1 153 475 198 511
11414.0 4 163 336 207 372
11414.0 5 89 359 122 385
11414.0 12 79 409 105 430
11415.0 1 156 475 201 510
11415.0 4 167 333 211 369
11415.0 5 90 358 122 384
11415.0 12 79 410 105 432
11416.0 1 160 474 205 509
11416.0 4 170 329 215 366
11416.0 5 90 357 123 384
11416.0 12 80 413 106 434
11417.0 1 163 473 208 508
11417.0 4 172 325 217 362
11417.0 5 87 354 127 386
11417.0 12 82 414 109 436
11418.0 1 166 471 211 507
11418.0 4 172 321 219 359
11418.0 5 90 356 125 384
11418.0 12 84 416 112 439
11419.0 1 167 470 213 506
11419.0 4 173 317 219 355
11419.0 5 92 357 125 384
11419.0 12 88 419 115 441
11420.0 1 168 470 215 506
11420.0 4 173 316 220 354
11420.0 5 93 357 126 384
11420.0 12 90 422 118 444
11421.0 1 168 470 215 506
11421.0 4 174 315 221 354
11421.0 5 94 357 127 383
11421.0 12 92 425 119 447
11422.0 1 168 472 215 509
11422.0 4 174 315 222 354
11422.0 5 96 357 130 385
11422.0 12 92 426 120 449
11423.0 1 168 474 215 511
11423.0 4 175 316 223 355
11423.0 5 99 358 133 385
11423.0 12 92 428 120 451
11424.0 1 168 476 216 514
11424.0 4 177 316 225 356
11424.0 5 100 357 134 385
11424.0 12 89 430 118 453
11425.0 1 170 479 217 516
11425.0 4 179 316 229 357
11425.0 5 104 361 137 388
11425.0 12 89 429 119 454
11426.0 1 172 480 221 518
11426.0 4 183 318 233 358
11426.0 5 105 362 139 390
11426.0 12 89 429 119 454
11427.0 1 179 484 227 522
11427.0 4 190 319 241 361
11427.0 5 106 362 141 390
11427.0 12 90 430 122 455
11428.0 1 184 486 232 525
11428.0 4 195 321 246 363
11428.0 12 93 431 123 456
11429.0 1 188 488 237 527
11429.0 4 198 323 250 365
11429.0 12 95 432 125 456
11430.0 1 191 491 241 530
11430.0 4 200 326 252 368
11430.0 5 101 363 142 396
11430.0 12 97 432 127 456
11431.0 1 194 492 245 533
11431.0 4 201 326 254 370
11431.0 5 100 364 141 396
11431.0 12 97 431 128 455
11432.0 1 195 494 248 536
11432.0 4 202 328 255 372
11432.0 5 100 363 141 396
11432.0 12 98 430 128 455
11433.0 1 196 496 249 538
11433.0 4 202 326 256 371
11433.0 5 101 362 142 395
11433.0 12 98 430 129 455
11434.0 1 197 498 251 540
11434.0 4 203 324 258 370
11434.0 5 101 362 143 396
11434.0 12 98 430 130 455
11435.0 1 197 498 252 542
11435.0 4 205 324 260 369
11435.0 5 106 361 145 394
11435.0 12 98 431 130 456
11436.0 1 198 497 253 541
11436.0 4 208 322 264 368
11436.0 5 106 361 146 394
11436.0 12 98 431 130 457
11437.0 1 200 497 254 540
11437.0 4 212 320 268 366
11437.0 5 111 359 152 392
11437.0 12 97 433 130 459
11438.0 1 204 498 257 539
11438.0 4 217 317 273 363
11438.0 5 114 358 154 390
11438.0 12 97 434 130 460
11439.0 1 205 496 261 540
11439.0 4 222 314 280 361
11439.0 5 116 355 155 387
11439.0 12 100 436 132 462
11440.0 1 210 496 266 540
11440.0 4 228 309 285 356
11440.0 5 115 352 155 385
11440.0 12 101 438 135 465
11441.0 1 212 491 273 539
11441.0 4 232 304 290 352
11441.0 5 115 350 155 383
11441.0 12 103 440 137 467
11442.0 1 219 489 278 536
11442.0 4 235 298 293 346
11442.0 5 114 347 155 381
11442.0 12 107 442 139 469
11443.0 1 224 486 283 533
11443.0 4 238 294 296 342
11443.0 5 115 346 156 379
11443.0 12 108 443 143 472
11444.0 1 227 482 289 531
11444.0 4 239 289 298 337
11444.0 5 114 344 156 378
11444.0 12 111 447 144 474
11445.0 1 231 477 291 524
11445.0 4 241 285 301 335
11445.0 5 115 343 158 378
11445.0 12 112 449 146 477
11446.0 1 233 473 294 521
11446.0 4 242 281 302 331
11446.0 5 117 344 159 378
11446.0 12 113 450 147 478
11447.0 1 234 471 296 518
11447.0 4 242 279 305 330
11447.0 5 118 343 161 377
11447.0 12 112 453 147 482
11448.0 1 236 469 297 516
11448.0 4 245 277 308 329
11448.0 5 120 343 163 378
11448.0 12 113 455 148 484
11449.0 1 238 468 298 514
11449.0 4 248 276 312 329
11449.0 5 121 343 165 378
11450.0 1 235 466 302 519
11450.0 4 251 274 318 329
11450.0 5 124 343 167 378
11450.0 12 112 459 147 487
11451.0 1 243 469 309 520
11451.0 4 263 276 328 329
11451.0 5 129 344 173 380
11451.0 12 115 459 150 488
11452.0 1 250 471 318 523
11452.0 4 269 275 338 330
11452.0 5 132 345 176 381
11452.0 12 115 461 151 490
11453.0 1 260 474 326 525
11453.0 4 276 275 346 332
11453.0 5 133 346 178 383
11453.0 12 120 460 156 490
11454.0 1 266 473 336 527
11454.0 4 282 277 352 334
11454.0 5 135 348 180 384
11454.0 12 121 459 158 490
11455.0 1 273 475 344 529
11455.0 4 286 278 357 335
11455.0 5 136 349 180 385
11455.0 12 124 460 160 489
11456.0 1 279 475 353 532
11456.0 4 288 276 362 336
11456.0 5 135 347 180 384
11456.0 12 124 460 160 489
11457.0 1 285 477 359 535
11457.0 4 291 275 367 336
11457.0 5 135 346 180 383
11457.0 12 124 459 162 489
11458.0 1 289 480 365 539
11458.0 4 294 273 370 334
11458.0 5 135 344 180 381
11458.0 12 125 459 163 490
11459.0 1 293 483 369 542
11459.0 4 297 268 375 330
11459.0 5 136 342 182 379
11459.0 12 125 460 163 491
11460.0 1 295 484 372 544
11460.0 4 301 263 379 327
11460.0 5 137 338 184 377
11460.0 12 125 462 163 492
11461.0 1 296 484 374 545
11461.0 4 304 257 383 322
11461.0 5 140 336 186 374
11461.0 12 127 464 164 494
11462.0 1 297 484 375 545
11462.0 4 310 252 389 317
11462.0 5 141 331 189 370
11462.0 12 129 466 166 496
11463.0 1 300 485 379 546
11463.0 4 315 246 396 311
11463.0 5 144 326 192 366
11463.0 12 131 468 168 498
11464.0 1 304 485 384 547
11464.0 4 322 239 403 304
11464.0 5 148 321 196 360
11464.0 12 133 470 171 500
11465.0 1 310 484 390 547
11465.0 4 330 230 411 296
11465.0 5 151 316 199 356
11465.0 12 137 472 175 503
11466.0 1 320 483 395 542
11466.0 4 338 221 420 287
11466.0 5 153 310 203 350
11466.0 12 139 474 178 505
11467.0 1 327 480 407 542
11467.0 4 344 210 427 277
11467.0 5 155 304 203 343
11467.0 12 142 477 180 508
11468.0 1 335 475 417 539
11468.0 4 348 200 431 266
11468.0 5 156 297 204 337
11468.0 12 144 480 183 512
11469.0 1 346 470 427 534
11469.0 4 352 189 435 255
11469.0 5 156 292 204 332
11469.0 12 147 484 185 515
11469.0 13 60 410 85 430
11470.0 1 358 465 436 526
11470.0 4 355 177 440 246
11470.0 5 155 286 206 328
11470.0 12 147 486 186 518
11470.0 13 60 410 85 430
11471.0 1 365 456 446 520
11471.0 4 359 168 444 237
11471.0 5 157 282 207 323
11471.0 12 148 488 187 520
11471.0 13 60 410 84 431
11472.0 1 372 449 452 512
11472.0 4 363 160 449 230
11472.0 5 157 279 208 320
11472.0 12 149 490 188 522
11472.0 13 59 411 84 431
11473.0 1 377 441 460 507
11473.0 4 367 152 455 224
11473.0 5 159 276 210 318
11473.0 12 149 490 190 524
11473.0 13 60 412 84 432
11474.0 1 382 433 467 500
11474.0 4 372 144 461 216
11474.0 5 160 272 212 314
11474.0 12 151 491 191 524
11474.0 13 60 412 84 432
11475.0 1 385 427 473 497
11475.0 4 378 136 469 210
11475.0 5 161 267 215 311
11475.0 12 154 491 195 525
11475.0 13 61 413 86 433
11476.0 1 393 423 476 490
11476.0 4 390 120 479 195
11476.0 5 168 263 222 307
11476.0 12 160 492 201 526
11476.0 13 61 413 86 433
11477.0 1 398 412 479 484
11477.0 4 396 112 479 188
11477.0 5 173 260 227 303
11477.0 12 164 491 206 525
11478.0 1 402 405 479 480
11478.0 5 179 260 232 303
11478.0 12 167 489 209 524
11478.0 13 66 416 92 438
11479.0 1 407 401 479 476
11479.0 5 182 258 237 302
11479.0 12 169 488 212 523
11479.0 13 66 418 93 440
11480.0 5 183 256 239 301
11480.0 12 171 485 217 523
11480.0 13 67 420 93 441
11481.0 5 185 256 240 300
11481.0 12 172 484 220 523
11481.0 13 67 422 93 443
11482.0 5 186 255 242 299
11482.0 12 173 484 221 523
11482.0 13 67 422 93 444
11483.0 5 187 251 244 297
11483.0 12 173 484 223 524
11484.0 5 187 248 245 295
11484.0 12 175 484 224 525
11485.0 5 189 246 245 291
11485.0 12 177 485 229 527
11485.0 13 66 423 93 445
11486.0 5 191 243 246 287
11486.0 12 181 486 234 528
11486.0 13 65 423 93 445
11487.0 5 192 239 248 284
11487.0 12 187 488 238 529
11487.0 13 65 423 93 445
11488.0 5 195 234 251 279
11488.0 12 192 489 244 531
11488.0 13 66 423 94 445
11489.0 5 198 230 255 276
11489.0 12 197 490 252 534
11489.0 13 68 422 95 444
11490.0 5 203 227 259 272
11490.0 12 201 493 255 537
11490.0 13 68 423 96 445
11491.0 5 208 221 265 267
11491.0 12 205 497 258 539
11492.0 5 210 213 270 261
11492.0 12 207 499 260 541
11492.0 13 72 420 101 443
11493.0 5 213 209 273 257
11493.0 12 208 499 262 543
11493.0 13 73 420 102 443
11494.0 12 208 496 268 544
11494.0 13 74 419 101 441
11495.0 5 216 191 279 242
11495.0 12 208 495 270 545
11495.0 13 74 418 101 440
11496.0 5 218 184 281 236
11496.0 12 212 495 272 543
11496.0 13 74 416 102 439
11497.0 5 218 178 285 232
11497.0 12 217 493 279 543
11497.0 13 74 416 102 439
11497.0 16 73 355 98 375
11498.0 5 220 172 289 228
11498.0 12 221 491 283 541
11498.0 13 74 416 103 439
11498.0 16 73 354 98 375
11499.0 5 224 168 291 223
11499.0 12 228 489 290 540
11499.0 13 74 416 102 439
11500.0 5 228 163 298 218
11500.0 12 236 485 299 536
11500.0 13 74 417 103 440
11501.0 5 233 159 303 215
11501.0 12 239 481 304 533
11501.0 13 75 418 104 441
11502.0 5 239 157 307 211
11502.0 12 242 476 314 533
11502.0 13 75 419 105 442
11503.0 5 243 153 314 210
11503.0 12 246 475 317 532
11503.0 13 77 420 106 443
11504.0 5 249 152 320 209
11504.0 12 248 474 318 531
11504.0 13 79 421 108 444
11505.0 5 256 152 328 209
11505.0 12 249 469 327 532
11505.0 13 80 423 109 445
11506.0 5 262 152 335 210
11506.0 12 254 471 328 531
11506.0 13 81 424 111 448
11507.0 5 266 152 340 210
11507.0 12 256 468 334 531
11507.0 13 81 426 112 450
11508.0 5 269 151 344 210
11508.0 12 263 469 340 531
11508.0 13 81 428 112 452
11509.0 5 273 150 348 209
11509.0 12 269 467 350 532
11509.0 13 80 430 112 454
11510.0 5 277 149 351 208
11510.0 12 278 467 361 533
11510.0 13 80 431 112 456
11511.0 5 281 147 355 205
11511.0 12 286 467 372 536
11511.0 13 79 432 113 458
11512.0 5 281 140 358 201
11512.0 12 296 473 374 535
11512.0 13 80 434 112 458
11513.0 5 285 136 362 197
11513.0 12 300 474 378 536
11513.0 13 80 434 111 458
11514.0 5 288 133 367 195
11514.0 12 303 473 381 535
11514.0 13 80 435 111 458
11515.0 5 297 127 374 188
11515.0 12 305 470 387 536
11515.0 13 81 435 111 458
11516.0 5 305 121 382 181
11516.0 12 308 467 390 533
11516.0 13 83 435 112 457
11517.0 5 315 116 390 176
11517.0 12 313 464 395 529
11517.0 13 84 434 114 457
11518.0 5 325 110 399 169
11518.0 12 319 458 402 525
11518.0 13 85 434 115 456
11519.0 5 332 98 411 161
11519.0 12 326 453 409 519
11519.0 13 87 433 116 456
11519.0 16 83 359 110 381
11520.0 5 340 90 418 152
11520.0 12 344 455 414 511
11520.0 13 89 433 118 456
11520.0 16 85 359 111 380
11521.0 5 350 82 424 142
11521.0 12 348 443 427 507
11521.0 13 90 432 119 455
11521.0 16 87 358 113 380
11522.0 5 350 69 430 133
11522.0 12 355 435 436 500
11522.0 13 91 432 120 455
11522.0 16 89 357 115 379
11523.0 5 351 57 435 125
11523.0 12 356 424 447 496
11523.0 13 90 432 120 455
11523.0 16 90 357 116 379
11524.0 5 354 48 440 117
11524.0 12 364 415 452 486
11524.0 13 90 431 120 455
11524.0 16 91 357 117 379
11525.0 5 365 35 448 103
11525.0 12 374 399 463 471
11525.0 13 89 431 120 455
11525.0 16 92 357 118 379
11526.0 5 372 25 456 93
11526.0 12 380 389 468 460
11526.0 13 89 431 121 456
11527.0 5 379 16 464 85
11527.0 12 386 382 472 452
11527.0 13 89 432 121 457
11528.0 5 387 7 472 76
11528.0 12 392 372 479 443
11528.0 13 88 433 121 459
11529.0 5 395 1 479 69
11529.0 12 398 366 479 437
11529.0 13 89 435 122 460
11530.0 5 402 0 479 62
11530.0 13 91 436 124 462
11531.0 13 92 438 126 464
11532.0 13 95 440 128 466
11533.0 13 97 442 132 469
11534.0 13 99 444 134 471
11534.0 16 97 362 124 385
11535.0 13 101 446 136 473
11535.0 16 97 363 125 386
11536.0 13 102 449 136 476
11536.0 16 99 364 126 387
11537.0 13 101 451 137 479
11537.0 16 99 365 127 388
11538.0 13 101 453 138 481
11538.0 16 98 365 128 390
11539.0 13 101 454 137 483
11539.0 16 98 367 127 391
11540.0 13 101 455 137 483
11540.0 16 98 367 128 392
11541.0 13 101 456 136 483
11541.0 16 98 367 128 393
11542.0 13 101 455 137 483
11542.0 16 97 368 128 393
11543.0 13 102 455 137 483
11543.0 16 98 368 128 393
11544.0 13 103 454 139 482
11544.0 16 98 368 128 392
11545.0 13 104 453 142 482
11545.0 16 99 366 129 392
11546.0 13 106 451 144 481
11546.0 16 100 366 130 392
11547.0 13 109 450 148 480
11547.0 16 102 365 132 391
11548.0 13 112 449 150 479
11548.0 16 104 364 134 389
11549.0 13 114 447 153 477
11549.0 16 107 363 137 388
11550.0 13 115 444 154 474
11550.0 16 110 360 141 386
11551.0 13 116 442 154 472
11551.0 16 112 358 143 384
11552.0 13 116 441 155 471
11552.0 16 112 357 143 383
11553.0 13 116 440 155 471
11553.0 16 113 356 143 381
11554.0 13 117 441 155 471
11554.0 16 112 354 144 380
11555.0 13 117 442 155 472
11555.0 16 113 353 144 380
11556.0 13 117 443 156 473
11556.0 16 113 352 145 379
11557.0 13 119 443 159 475
11557.0 16 114 352 145 379
11558.0 13 122 445 162 476
11558.0 16 115 353 146 380
11559.0 13 124 446 166 479
11559.0 16 116 354 146 380
11560.0 13 128 448 170 481
11560.0 16 118 354 148 380
11561.0 13 130 448 172 481
11561.0 16 119 355 150 381
11562.0 13 133 453 175 486
11562.0 16 122 356 153 382
11563.0 13 135 457 176 489
11563.0 16 125 356 156 383
11564.0 13 135 458 176 491
11564.0 16 127 357 159 384
11565.0 13 134 460 177 493
11565.0 16 128 357 161 385
11566.0 13 135 461 178 494
11567.0 13 135 461 179 496
11567.0 16 130 360 163 389
11568.0 13 135 461 180 496
11568.0 16 130 362 164 391
11569.0 13 137 461 181 496
11569.0 16 130 362 164 391
11570.0 13 138 460 183 495
11570.0 16 129 362 164 392
11571.0 13 140 460 184 495
11571.0 16 128 361 164 392
11572.0 13 143 458 188 493
11572.0 16 128 361 164 391
11573.0 13 146 457 193 493
11573.0 16 128 361 164 391
11574.0 13 152 454 199 491
11574.0 16 131 359 167 390
11575.0 13 155 451 203 489
11575.0 16 134 357 171 389
11576.0 13 157 450 205 488
11576.0 16 137 355 175 388
11577.0 13 158 449 205 486
11577.0 16 141 354 178 386
11578.0 13 158 445 208 484
11578.0 16 143 352 182 385
11579.0 13 158 443 209 483
11579.0 16 145 350 183 382
11580.0 13 160 442 211 483
11580.0 16 146 348 183 380
11581.0 13 159 443 211 484
11581.0 16 145 345 184 378
11582.0 13 160 444 212 485
11582.0 16 146 344 185 377
11583.0 13 161 446 213 487
11583.0 16 147 342 186 375
11584.0 13 164 448 216 489
11584.0 16 147 342 187 375
11585.0 13 167 449 219 489
11585.0 16 149 342 187 375
11586.0 13 171 450 224 491
11586.0 16 150 342 190 375
11587.0 13 176 451 228 492
11587.0 16 152 342 192 376
11588.0 13 180 453 233 494
11588.0 16 154 341 194 376
11589.0 13 184 454 237 495
11589.0 16 157 341 197 375
11590.0 13 184 455 240 498
11590.0 16 160 341 201 376
11591.0 13 185 456 240 499
11591.0 16 163 341 206 377
11592.0 13 184 457 241 500
11592.0 16 166 342 209 378
11593.0 13 185 458 242 501
11593.0 16 169 342 211 378
11594.0 13 186 458 243 502
11594.0 16 170 343 212 379
11595.0 13 188 459 244 501
11595.0 16 171 343 214 380
11596.0 13 190 459 245 500
11596.0 16 171 343 215 381
11597.0 13 192 456 249 499
11597.0 16 171 343 216 380
11598.0 13 196 456 252 498
11598.0 16 171 341 216 379
11599.0 13 204 453 261 496
11599.0 16 173 338 218 376
11600.0 13 211 450 268 493
11600.0 16 174 335 221 375
11601.0 13 216 447 274 491
11601.0 16 177 333 224 372
11602.0 13 219 442 279 488
11602.0 16 180 329 228 369
11603.0 13 219 438 282 486
11603.0 16 183 327 232 367
11604.0 13 221 434 286 483
11604.0 16 188 325 235 365
11605.0 13 224 432 289 482
11605.0 16 191 321 240 362
11606.0 16 193 319 242 360
11607.0 13 226 428 292 479
11607.0 16 194 316 243 358
11608.0 13 226 427 294 479
11608.0 16 194 314 244 355
11609.0 13 229 426 295 477
11609.0 16 195 310 245 352
11610.0 13 232 425 298 476
11610.0 16 196 309 247 351
11611.0 13 235 426 306 481
11611.0 16 198 309 247 350
11612.0 13 241 428 313 483
11612.0 16 198 306 249 349
11613.0 13 249 428 323 485
11613.0 16 200 305 250 346
11614.0 13 252 427 327 485
11614.0 16 201 305 251 346
11615.0 13 261 431 337 489
11615.0 16 203 305 253 346
11616.0 13 268 433 344 492
11616.0 16 207 304 256 345
11617.0 13 271 436 348 495
11617.0 16 210 303 261 345
11618.0 13 273 436 351 497
11618.0 16 214 303 265 346
11619.0 13 276 436 356 498
11619.0 16 218 303 270 347
11620.0 13 279 437 358 498
11620.0 16 223 304 274 348
11621.0 13 280 435 360 497
11621.0 16 224 306 276 349
11622.0 13 283 435 364 497
11622.0 16 225 306 278 351
11623.0 13 287 422 372 487
11623.0 16 227 309 280 354
11624.0 13 296 418 377 482
11624.0 16 228 308 283 355
11625.0 13 304 413 384 476
11625.0 16 229 308 285 355
11626.0 13 309 411 389 475
11626.0 16 230 305 287 353
11627.0 16 233 305 289 352
11628.0 13 326 386 413 455
11628.0 16 233 301 293 352
11629.0 13 334 377 422 446
11629.0 16 238 301 296 349
11630.0 13 345 370 428 436
11630.0 16 242 299 301 348
11631.0 13 347 359 434 427
11631.0 16 248 296 306 345
11632.0 13 350 346 439 416
11632.0 16 255 294 315 344
11633.0 13 356 338 444 407
11633.0 16 261 292 321 342
11634.0 13 356 326 450 400
11634.0 16 270 293 325 339
11635.0 13 364 321 454 392
11635.0 16 273 290 330 337
11636.0 13 366 313 459 386
11636.0 16 276 288 332 336
11637.0 13 373 307 464 380
11637.0 16 277 286 336 336
11638.0 13 381 301 473 374
11638.0 16 279 286 338 335
11639.0 13 388 293 479 369
11639.0 16 281 286 340 336
11640.0 13 393 286 479 363
11640.0 16 282 285 343 337
11641.0 16 282 285 345 338
11642.0 16 285 287 348 341
11643.0 16 288 288 351 342
11644.0 16 289 290 354 346
11645.0 16 290 292 357 348
11646.0 16 295 294 363 352
11647.0 16 300 298 368 356
11648.0 16 307 302 378 362
11649.0 16 312 308 383 368
11650.0 16 313 313 388 375
11651.0 16 316 318 391 381
11652.0 16 319 322 395 386
11653.0 16 322 326 400 392
11654.0 16 325 329 404 396
11655.0 16 328 331 408 398
11656.0 16 331 332 411 399
11657.0 16 334 333 415 401
11658.0 16 339 334 418 401
11659.0 16 342 332 424 401
11660.0 16 351 332 431 399
11661.0 16 359 330 438 396
11662.0 16 367 327 448 395
11663.0 16 374 324 455 392
11664.0 16 381 321 462 390
11665.0 16 384 316 467 386
11666.0 16 387 313 471 383
11667.0 16 389 308 476 381
11668.0 16 395 306 479 379
11669.0 16 400 300 479 373
11999.0 16 405 298 479 372
12001.0 17 135 249 174 279
12002.0 17 135 249 173 278
12003.0 17 135 249 173 278
12004.0 17 136 249 173 278
12005.0 17 136 249 172 277
12006.0 17 134 248 170 276
12007.0 17 134 247 172 277
12008.0 17 133 247 170 276
12009.0 17 133 247 169 275
12010.0 17 133 247 169 275
12011.0 17 133 246 168 274
12012.0 17 132 245 168 273
12072.0 17 131 245 168 273
12074.0 18 102 367 129 389
12075.0 18 102 368 130 391
12076.0 18 103 370 132 393
12077.0 18 104 371 134 394
12078.0 18 106 374 134 396
12079.0 18 106 376 134 398
12080.0 18 106 377 134 400
12081.0 18 105 378 134 401
12082.0 18 104 378 133 401
12083.0 18 103 378 132 401
12084.0 18 102 377 130 399
12085.0 18 100 374 128 397
12086.0 18 99 372 127 394
12087.0 18 97 370 126 392
12088.0 18 97 368 124 390
12089.0 18 96 365 123 387
12090.0 18 96 364 123 385
12091.0 18 96 360 122 381
12092.0 18 96 357 122 378
12093.0 18 95 355 121 376
12094.0 18 94 354 120 374
12095.0 18 91 352 118 373
12097.0 18 88 352 115 373
12098.0 18 86 352 114 373
12099.0 18 85 352 112 374
12102.0 18 85 356 112 378
12103.0 18 85 359 112 381
12104.0 18 85 363 111 383
12105.0 18 85 366 112 386
12106.0 18 85 369 112 390
12107.0 18 85 373 111 393
12108.0 18 83 376 109 396
12109.0 18 81 378 107 398
12110.0 18 79 380 106 401
12112.0 18 78 384 103 403
12528.0 18 77 386 102 405
12541.0 20 86 357 113 377
12542.0 20 86 358 114 379
12543.0 20 87 359 114 380
12544.0 20 87 360 114 381
12545.0 20 88 361 116 382
12546.0 20 88 362 116 383
12547.0 20 89 363 116 384
12548.0 20 90 364 117 385
12549.0 20 90 365 118 385
12550.0 20 91 365 118 386
12551.0 20 91 366 117 386
12552.0 20 91 366 117 386
12553.0 20 91 366 118 387
12554.0 20 91 366 118 387
12555.0 20 91 367 118 388
12556.0 20 92 367 119 388
12557.0 20 92 368 120 390
12558.0 20 93 368 121 390
12559.0 20 95 370 123 392
12560.0 20 96 370 124 393
12561.0 20 97 372 126 394
12562.0 20 98 373 127 395
12563.0 20 99 374 127 396
12564.0 20 98 376 127 398
12565.0 20 99 377 127 400
12566.0 20 99 378 127 401
12567.0 20 98 379 127 402
12568.0 20 99 381 127 402
12569.0 20 99 381 127 403
12570.0 20 99 382 128 404
12571.0 20 100 382 129 404
12572.0 20 101 381 132 405
12573.0 20 104 382 133 405
12574.0 20 105 382 136 406
12575.0 20 106 381 137 405
12576.0 20 108 380 139 404
12577.0 20 109 380 139 403
12578.0 20 109 378 139 402
12579.0 20 109 378 139 401
12580.0 20 109 377 139 401
12581.0 20 110 377 139 400
12582.0 20 110 377 139 400
12583.0 20 110 376 141 400
12584.0 20 111 376 142 400
12585.0 20 113 376 144 400
12586.0 20 114 376 146 400
12587.0 20 115 375 148 401
12588.0 20 118 376 151 402
12589.0 20 119 376 152 402
12590.0 20 121 378 153 403
12591.0 20 122 379 155 404
12592.0 20 122 380 155 406
12593.0 20 122 382 155 407
12594.0 20 122 383 154 409
12595.0 20 121 383 154 409
12596.0 20 121 383 154 410
12597.0 20 121 383 155 410
12598.0 20 122 383 156 410
12599.0 20 124 383 158 410
12600.0 20 126 383 160 409
12601.0 20 128 382 164 410
12602.0 20 131 381 167 409
12603.0 20 133 380 171 410
12604.0 20 135 379 172 408
12605.0 20 135 379 172 407
12606.0 20 136 378 172 406
12607.0 20 137 378 172 406
12608.0 20 138 377 174 406
12609.0 20 139 376 176 405
12610.0 20 140 376 179 406
12611.0 20 143 376 181 406
12612.0 20 145 375 184 407
12613.0 20 148 375 188 406
12614.0 20 151 375 191 407
12615.0 20 153 376 194 408
12616.0 20 156 376 197 408
12617.0 20 157 377 199 409
12618.0 20 158 378 200 410
12619.0 20 159 379 200 411
12620.0 20 159 380 200 412
12621.0 20 160 381 201 413
12622.0 20 160 381 201 414
12623.0 20 162 380 203 414
12624.0 20 163 379 206 413
12625.0 20 166 379 209 413
12626.0 20 169 379 212 413
12627.0 20 173 379 216 413
12628.0 20 176 376 220 411
12629.0 20 179 375 223 410
12630.0 20 182 373 226 409
12631.0 20 184 372 228 407
12632.0 20 184 368 230 406
12633.0 20 184 367 231 405
12634.0 20 186 366 232 403
12635.0 20 188 366 234 403
12636.0 20 190 365 237 403
12637.0 20 194 365 240 403
12638.0 20 196 363 245 402
12639.0 20 200 363 249 403
12640.0 20 206 364 254 403
12641.0 20 210 364 259 404
12642.0 20 213 365 262 405
12643.0 20 216 367 265 406
12644.0 20 218 368 267 408
12645.0 20 218 368 268 409
12646.0 20 220 370 269 409
12647.0 20 222 370 271 409
12648.0 20 224 370 272 409
12649.0 20 225 368 274 409
12650.0 20 227 366 278 407
12651.0 20 229 364 282 407
12652.0 20 233 363 287 407
12653.0 20 238 362 294 407
12654.0 20 244 362 299 407
12655.0 20 249 360 306 405
12656.0 20 253 358 311 404
12657.0 20 257 354 316 401
12658.0 20 259 350 320 399
12659.0 20 261 348 323 398
12660.0 20 264 350 324 398
12661.0 20 266 349 327 397
12662.0 20 270 347 330 395
12663.0 20 272 346 336 397
12664.0 20 280 347 341 396
12665.0 20 284 345 349 397
12666.0 20 292 346 357 398
12666.0 22 67 410 90 428
12667.0 20 299 346 366 399
12667.0 22 68 408 91 426
12668.0 20 306 347 373 401
12668.0 22 70 408 93 425
12669.0 20 313 349 381 403
12669.0 22 72 407 94 424
12670.0 20 320 351 388 406
12670.0 22 73 405 95 423
12671.0 20 326 353 394 408
12671.0 22 73 403 96 421
12672.0 20 332 356 400 411
12672.0 22 74 402 98 421
12673.0 20 338 358 405 412
12673.0 22 74 401 98 420
12674.0 20 344 358 412 414
12674.0 22 74 401 97 419
12675.0 20 349 358 417 413
12675.0 22 74 400 97 418
12677.0 20 361 359 429 416
12677.0 22 73 400 97 418
12678.0 20 367 360 436 417
12678.0 22 75 400 98 418
12679.0 22 77 400 100 418
12680.0 22 78 400 102 418
12681.0 20 398 357 469 417
12681.0 22 79 399 103 418
12682.0 20 412 357 479 418
12682.0 22 81 401 105 420
12683.0 20 416 356 479 419
12683.0 22 81 402 106 421
12685.0 20 424 356 479 420
12685.0 22 81 403 106 422
12686.0 22 81 404 106 423
12687.0 22 81 404 106 423
12688.0 22 82 404 106 424
12690.0 22 85 404 110 423
12691.0 22 87 403 112 422
12692.0 22 89 402 115 422
12693.0 22 91 402 116 421
12694.0 22 92 401 117 420
12695.0 22 92 400 118 420
12696.0 22 92 399 118 420
12697.0 22 92 400 118 420
12698.0 22 92 399 118 420
12699.0 22 91 399 118 420
12700.0 22 92 399 119 420
12701.0 22 94 399 120 420
12702.0 22 95 398 123 420
12703.0 22 98 398 125 420
12704.0 22 101 399 127 420
12705.0 22 102 398 129 419
12706.0 22 103 398 130 419
12707.0 22 103 398 130 419
12708.0 22 103 397 131 419
12709.0 22 103 396 131 419
12710.0 22 103 396 131 418
12711.0 22 103 395 131 417
12712.0 22 104 394 133 417
12713.0 22 106 393 135 416
12714.0 22 109 393 138 416
12715.0 22 111 392 140 415
12716.0 22 112 391 142 414
12717.0 22 112 389 142 413
12718.0 22 113 388 143 412
12719.0 22 113 387 144 412
12720.0 22 113 387 145 412
12721.0 22 113 386 145 411
12722.0 22 114 387 145 412
12723.0 22 114 386 146 412
12724.0 22 116 386 148 412
12725.0 22 119 386 151 411
12726.0 22 122 386 155 412
12727.0 22 127 386 159 412
12728.0 22 130 387 163 412
12729.0 22 132 387 165 413
12730.0 22 134 387 167 413
12731.0 22 135 388 169 415
12732.0 22 135 388 170 416
12733.0 22 136 388 171 416
12734.0 22 137 389 172 417
12735.0 22 139 389 175 418
12736.0 22 143 390 178 418
12737.0 22 146 391 182 419
12738.0 22 151 391 186 419
12739.0 22 153 391 189 419
12740.0 22 154 391 191 420
12741.0 22 156 391 192 419
12742.0 22 157 392 192 420
12743.0 22 156 391 193 420
12744.0 22 156 391 192 419
12745.0 22 158 390 193 418
12746.0 22 159 388 195 417
12747.0 22 162 386 198 414
12748.0 22 166 383 202 412
12749.0 22 169 380 206 410
12750.0 22 171 377 210 409
12751.0 22 173 376 211 407
12752.0 22 173 375 211 405
12753.0 22 174 373 212 403
12754.0 22 173 367 218 403
12755.0 22 175 362 224 401
12756.0 22 183 358 231 396
12757.0 22 190 354 237 391
12758.0 22 196 347 243 384
12759.0 22 203 341 250 378
12760.0 22 206 334 252 371
12761.0 22 209 327 256 365
12762.0 22 211 321 258 359
12763.0 22 212 314 259 352
12764.0 22 211 307 258 345
12765.0 22 207 300 258 340
12766.0 22 206 292 258 334
12767.0 22 206 288 260 330
12768.0 22 209 283 264 325
12769.0 22 213 278 267 320
12770.0 22 218 274 273 316
12771.0 22 224 269 276 310
12772.0 22 229 264 280 303
12773.0 22 231 258 282 297
12774.0 22 231 249 286 291
12775.0 22 232 241 289 285
12776.0 22 236 233 294 278
12777.0 22 240 226 299 271
12778.0 22 246 218 306 264
12779.0 22 252 210 314 257
12780.0 22 261 196 325 245
12781.0 22 267 185 332 234
12782.0 22 271 175 337 224
12783.0 22 276 166 343 215
12784.0 22 281 159 347 207
12785.0 22 287 153 353 201
12786.0 22 292 147 358 197
12787.0 22 295 142 364 193
12788.0 22 300 137 370 189
12789.0 22 304 133 376 186
12790.0 22 308 129 383 185
12791.0 22 315 126 388 180
12792.0 22 320 123 395 178
12793.0 22 327 121 402 176
12794.0 22 333 116 409 172
12795.0 22 339 112 415 168
12796.0 22 343 105 422 165
12797.0 22 349 101 429 161
12798.0 22 357 95 438 156
12799.0 22 368 91 449 152
12800.0 22 380 85 462 147
12801.0 22 394 79 475 140
12801.0 23 66 353 91 372
12802.0 22 405 71 479 133
12802.0 23 66 353 91 371
12803.0 22 412 62 479 127
12804.0 22 420 62 479 121
12805.0 22 428 57 479 115
12805.0 23 68 348 93 367
12806.0 23 69 347 95 367
12809.0 23 72 344 98 363
12810.0 23 74 341 100 360
12813.0 23 76 335 102 355
12816.0 23 75 329 101 349
12860.0 23 76 327 102 346
12863.0 24 85 362 112 384
12864.0 24 85 366 112 387
12865.0 24 85 369 112 391
12866.0 24 84 371 113 393
12867.0 24 84 371 114 394
12868.0 24 85 372 114 395
12869.0 24 87 373 115 395
12870.0 24 88 374 115 395
12871.0 24 90 374 117 396
12872.0 24 92 374 119 395
12873.0 24 93 373 120 395
12874.0 24 93 372 121 394
12875.0 24 93 371 122 393
12876.0 24 93 370 122 393
12877.0 24 93 369 122 392
12878.0 24 93 369 123 392
12879.0 24 95 369 124 392
12880.0 24 97 370 125 392
12881.0 24 99 370 128 393
12882.0 24 101 370 130 393
12883.0 24 103 371 132 394
12884.0 24 105 372 135 395
12885.0 24 107 372 137 396
12886.0 24 110 374 139 398
12887.0 24 111 376 141 400
12888.0 24 112 378 142 401
12889.0 24 113 379 142 403
12890.0 24 113 381 142 404
12891.0 24 112 380 142 404
12892.0 24 111 379 141 404
12893.0 24 112 379 142 403
12894.0 24 112 378 143 403
12895.0 24 111 376 145 402
12896.0 24 112 375 144 401
12897.0 24 114 374 145 400
12898.0 24 117 374 148 399
12899.0 24 119 374 149 398
12900.0 24 119 372 151 397
12901.0 24 122 372 153 397
12902.0 24 124 371 154 396
12903.0 24 123 369 155 395
12904.0 24 122 368 154 394
12905.0 24 120 368 155 395
12906.0 24 120 368 155 396
12907.0 24 122 370 155 397
12908.0 24 123 371 157 398
12909.0 24 125 372 159 400
12910.0 24 127 373 162 401
12912.0 24 132 375 168 404
12913.0 24 134 377 170 406
12914.0 24 135 379 172 409
12915.0 24 135 381 172 410
12916.0 24 134 382 171 412
12917.0 24 134 383 171 413
12918.0 24 134 383 172 414
12919.0 24 135 383 174 414
12920.0 24 137 384 175 414
12921.0 24 140 384 178 414
12922.0 24 143 384 182 415
12923.0 24 147 383 186 415
12924.0 24 150 382 190 414
12925.0 24 153 381 193 413
12926.0 24 155 380 195 411
12927.0 24 156 378 197 411
12928.0 24 157 377 198 410
12929.0 24 157 377 198 410
12930.0 24 158 377 199 410
12931.0 24 159 377 201 410
12932.0 24 160 377 203 411
12933.0 24 163 378 206 412
12934.0 24 166 378 210 413
12935.0 24 169 379 214 414
12936.0 24 174 380 218 416
12937.0 24 176 381 221 417
12938.0 24 178 381 224 418
12939.0 24 178 382 225 419
12940.0 24 178 381 226 420
12941.0 24 177 381 226 420
12942.0 24 177 381 226 420
12943.0 24 178 379 227 419
12944.0 24 179 377 229 417
12945.0 24 180 375 232 417
12946.0 24 184 374 236 416
12947.0 24 188 374 239 415
12948.0 24 193 372 245 413
12949.0 24 197 369 250 411
12950.0 24 201 368 254 410
12951.0 24 206 365 258 406
12952.0 24 207 362 261 405
12953.0 24 207 360 263 405
12954.0 24 209 360 265 404
12955.0 24 211 360 267 405
12956.0 24 215 362 268 405
12957.0 24 217 360 273 404
12958.0 24 221 359 278 405
12959.0 24 226 360 284 406
12960.0 24 232 361 290 408
12961.0 24 237 362 297 410
12962.0 24 243 365 303 412
12963.0 24 246 366 307 415
12964.0 24 248 368 310 417
12965.0 24 251 371 312 419
12966.0 24 252 372 314 421
12967.0 24 254 372 315 422
12968.0 24 253 372 317 422
12969.0 24 255 372 319 423
12970.0 24 260 374 323 424
12971.0 24 265 372 329 423
12972.0 24 269 370 337 423
12973.0 24 279 369 344 421
12974.0 24 288 368 353 420
12975.0 24 297 368 361 420
12976.0 24 300 365 370 421
12977.0 24 306 363 379 421
12978.0 24 310 361 384 421
12979.0 24 314 362 387 421
12980.0 24 316 363 390 422
12981.0 24 318 361 396 424
12982.0 24 323 363 400 425
12983.0 24 330 365 407 427
12984.0 24 338 367 416 430
12985.0 24 348 368 427 432
12986.0 24 356 368 438 434
12987.0 24 367 373 449 439
12988.0 24 377 376 459 443
12989.0 24 384 379 468 447
12990.0 24 390 383 474 452
12991.0 24 394 387 476 455
12992.0 24 399 390 479 459
12993.0 24 402 387 479 460
12994.0 24 404 387 479 462
13389.0 24 409 389 479 465
13391.0 25 72 355 97 375
13392.0 25 71 355 97 374
13393.0 25 72 355 97 374
13394.0 25 71 356 96 375
13395.0 25 71 355 96 375
13396.0 25 70 356 95 375
13397.0 25 69 356 94 376
13398.0 25 68 357 93 376
13399.0 25 68 358 93 377
13400.0 25 68 359 92 378
13401.0 25 68 360 92 379
13402.0 25 67 361 92 379
13403.0 25 67 361 92 380
13404.0 25 68 362 92 381
13405.0 25 68 363 92 381
13406.0 25 69 364 92 382
13407.0 25 69 365 92 383
13408.0 25 69 366 93 384
13409.0 25 70 368 93 386
13410.0 25 69 369 92 387
13411.0 25 68 370 92 389
13412.0 25 68 372 91 390
13413.0 25 68 373 91 392
13414.0 25 68 374 92 393
13415.0 25 69 375 91 393
13416.0 25 68 375 92 394
13417.0 25 68 375 92 394
13418.0 25 68 374 92 394
13419.0 25 68 375 91 393
13420.0 25 68 374 91 393
13422.0 25 67 373 91 392
13423.0 25 67 372 90 391
13424.0 25 66 371 90 391
13425.0 25 66 371 90 390
13426.0 25 67 370 91 390
13427.0 25 67 370 91 389
13428.0 25 67 369 91 388
13429.0 25 68 369 91 388
13430.0 25 67 368 92 387
13431.0 25 67 367 92 387
13432.0 25 67 367 91 386
13433.0 25 67 366 91 385
13434.0 25 66 365 91 385
13435.0 25 66 365 91 384
13436.0 25 66 364 91 384
13437.0 25 67 364 90 383
13438.0 25 66 363 90 383
13439.0 25 66 363 90 382
13440.0 25 66 363 90 382
13441.0 25 66 362 90 381
13442.0 25 66 362 90 381
13443.0 25 66 362 90 381
13444.0 25 66 362 90 381
13445.0 25 66 362 90 381
13446.0 25 66 362 90 381
13447.0 25 66 362 90 381
13448.0 25 66 363 89 381
13449.0 25 66 363 89 381
13450.0 25 66 363 90 382
13451.0 25 66 363 90 382
13452.0 25 66 363 90 382
13453.0 25 66 363 90 382
13454.0 25 66 363 89 382
13455.0 25 66 363 89 382
13456.0 25 66 363 89 382
13457.0 25 66 363 90 382
13458.0 25 66 363 90 382
13459.0 25 66 363 90 383
13460.0 25 66 363 90 383
13461.0 25 66 363 90 383
13462.0 25 66 363 90 383
13463.0 25 66 363 90 383
13464.0 25 66 363 90 383
13465.0 25 66 364 89 383
13466.0 25 66 364 89 382
13467.0 25 66 364 89 382
13468.0 25 66 364 89 383
13469.0 25 66 363 90 382
13470.0 25 66 363 90 382
13471.0 25 66 363 90 383
13472.0 25 67 363 90 382
13473.0 25 66 362 90 381
13477.0 25 67 357 92 378
13867.0 25 67 357 92 377
13871.0 26 54 352 80 373
13872.0 26 55 352 80 373
13874.0 26 56 354 82 375
13875.0 26 56 357 82 378
13876.0 26 56 359 83 380
13877.0 26 56 361 82 382
13878.0 26 57 363 82 383
13881.0 26 57 365 83 386
13882.0 26 57 365 84 387
13883.0 26 57 366 84 387
13884.0 26 58 366 84 387
13885.0 26 58 367 84 388
13886.0 26 59 367 84 388
13887.0 26 59 368 85 388
13888.0 26 60 368 85 388
13889.0 26 60 367 87 389
13890.0 26 61 367 88 388
13891.0 26 61 367 88 388
13892.0 26 62 366 88 387
13893.0 26 63 365 89 385
13894.0 26 63 363 88 383
13895.0 26 63 361 88 381
13896.0 26 63 359 88 379
13897.0 26 62 357 88 378
13898.0 26 62 355 88 376
13899.0 26 62 353 89 374
13900.0 26 62 351 89 372
13901.0 26 63 350 89 371
13902.0 26 64 349 90 370
13903.0 26 63 347 91 370
13904.0 26 63 347 91 370
13905.0 26 63 347 92 370
13906.0 26 63 348 92 371
13933.0 26 63 347 92 370
14037.0 28 57 343 82 362
14038.0 28 58 342 82 361
14039.0 28 58 342 83 361
14040.0 28 59 341 84 361
14041.0 28 61 341 86 361
14042.0 28 62 341 87 361
14043.0 28 62 341 89 362
14044.0 28 63 342 89 362
14045.0 28 63 342 89 362
14046.0 28 63 342 89 362
14047.0 28 64 342 89 362
14048.0 28 64 342 89 361
14049.0 28 64 341 89 360
14050.0 28 64 340 89 360
14051.0 28 63 339 89 358
14053.0 28 64 337 90 356
14054.0 28 64 334 90 354
14056.0 28 64 330 90 350
14058.0 26 65 319 93 342
14058.0 28 65 329 91 349
14059.0 26 66 317 93 338
14060.0 26 66 313 92 334
14062.0 26 65 304 92 326
14063.0 26 65 299 91 320
14065.0 26 65 294 91 315
14066.0 26 64 291 90 312
14067.0 26 64 290 90 310
14068.0 26 64 289 89 309
14089.0 26 63 286 89 306
14104.0 31 75 423 105 444
14105.0 31 76 421 106 443
14106.0 31 76 419 106 441
14107.0 31 77 418 106 439
14108.0 31 77 416 106 438
14109.0 31 76 416 106 438
14110.0 31 77 416 107 438
14111.0 31 77 416 107 438
14112.0 31 76 417 107 440
14113.0 31 77 420 107 442
14114.0 31 76 421 107 444
14115.0 31 76 423 107 446
14116.0 31 75 425 107 449
14117.0 31 75 427 107 452
14118.0 31 75 429 108 454
14119.0 31 75 431 108 456
14120.0 31 76 432 108 457
14121.0 31 76 432 108 457
14122.0 31 76 432 108 458
14123.0 31 76 432 109 458
14124.0 31 76 433 109 458
14125.0 31 77 433 109 459
14126.0 31 78 433 110 459
14127.0 31 78 433 110 458
14128.0 31 79 433 111 458
14129.0 31 80 432 111 457
14130.0 31 81 431 112 457
14131.0 31 82 430 113 455
14132.0 31 83 429 115 455
14133.0 31 83 428 115 453
14134.0 31 84 427 115 451
14135.0 31 85 426 116 451
14136.0 31 85 426 116 452
14137.0 31 85 428 117 453
14138.0 31 85 428 117 454
14139.0 31 85 430 117 456
14140.0 31 86 431 117 457
14141.0 31 86 434 117 459
14142.0 31 87 436 119 462
14143.0 31 88 439 120 465
14144.0 31 89 442 122 469
14145.0 31 90 446 122 473
14146.0 31 90 450 123 477
14147.0 31 89 454 123 481
14148.0 31 89 457 123 485
14149.0 31 90 461 123 489
14150.0 31 90 464 123 491
14151.0 31 90 467 123 494
14152.0 31 90 469 124 496
14153.0 31 91 471 124 498
14154.0 31 91 472 125 500
14155.0 31 91 473 126 501
14156.0 31 91 473 127 503
14157.0 31 93 474 128 503
14158.0 31 94 474 130 503
14159.0 31 98 473 133 502
14160.0 31 101 472 135 501
14161.0 31 101 470 138 500
14162.0 31 102 468 139 498
14163.0 31 102 467 139 497
14164.0 31 102 466 139 496
14165.0 31 102 466 139 496
14166.0 31 102 465 140 496
14167.0 31 103 467 139 496
14168.0 31 103 467 140 497
14168.0 32 64 388 87 406
14169.0 31 103 467 140 498
14169.0 32 65 388 88 406
14170.0 31 104 470 141 499
14170.0 32 66 389 89 407
14171.0 31 105 471 142 501
14171.0 32 66 389 90 408
14172.0 31 106 473 143 503
14172.0 32 67 390 91 408
14173.0 31 106 474 144 505
14173.0 32 69 391 92 409
14174.0 31 108 478 145 508
14174.0 32 69 393 93 411
14175.0 31 108 481 146 511
14175.0 32 70 394 94 413
14176.0 31 110 486 148 516
14176.0 32 69 396 93 414
14177.0 31 111 490 148 521
14177.0 32 68 397 93 417
14178.0 31 111 495 149 525
14178.0 32 69 399 93 418
14179.0 31 111 499 150 530
14179.0 32 68 400 94 420
14180.0 31 110 501 151 533
14180.0 32 68 400 93 420
14181.0 31 111 504 152 536
14181.0 32 68 400 93 420
14182.0 32 68 400 94 420
14183.0 31 114 510 153 541
14183.0 32 68 400 94 420
14184.0 31 115 511 155 543
14184.0 32 68 398 95 419
14185.0 31 115 511 157 545
14185.0 32 69 396 96 417
14186.0 31 116 512 158 545
14186.0 32 71 395 96 415
14187.0 31 117 512 160 545
14187.0 32 72 394 98 413
14188.0 31 118 514 161 547
14188.0 32 74 392 99 411
14189.0 31 121 512 164 545
14189.0 32 75 390 100 410
14190.0 31 122 510 165 544
14190.0 32 76 388 101 408
14191.0 31 123 511 166 546
14191.0 32 77 387 100 405
14192.0 31 124 507 168 542
14192.0 32 77 384 101 403
14193.0 31 125 506 169 541
14193.0 32 76 382 101 402
14194.0 31 126 506 168 539
14194.0 32 76 380 100 400
14195.0 31 126 505 169 539
14195.0 32 75 379 99 398
14196.0 31 126 505 170 539
14196.0 32 75 378 99 398
14197.0 31 127 505 170 539
14197.0 32 74 378 99 398
14198.0 31 127 505 170 539
14198.0 32 74 378 98 398
14199.0 31 130 508 170 540
14199.0 32 74 378 98 398
14200.0 31 128 506 172 541
14200.0 32 74 377 99 397
14201.0 31 128 506 174 541
14202.0 31 130 506 176 542
14202.0 32 76 378 102 399
14203.0 31 131 507 179 545
14203.0 32 76 377 102 398
14204.0 31 132 508 182 547
14205.0 31 134 510 183 549
14206.0 31 137 513 186 552
14207.0 31 138 516 189 556
14208.0 31 139 522 189 561
14209.0 31 141 526 190 565
14210.0 31 143 529 191 568
14211.0 31 144 531 193 570
14212.0 31 146 533 195 571
14213.0 31 147 533 196 572
14214.0 31 149 533 198 572
14214.0 32 82 388 115 414
14215.0 31 151 532 201 572
14215.0 32 83 389 115 414
14216.0 31 154 532 203 571
14216.0 32 85 389 115 413
14217.0 31 157 531 206 570
14217.0 32 87 388 117 412
14218.0 31 160 530 209 569
14218.0 32 89 387 119 411
14219.0 31 163 528 212 567
14219.0 32 91 386 120 409
14220.0 31 164 523 215 564
14220.0 32 93 385 121 407
14221.0 31 165 520 217 562
14221.0 32 93 382 122 404
14222.0 31 165 516 219 559
14222.0 32 94 380 122 402
14223.0 31 165 513 220 556
14223.0 32 94 379 122 400
14224.0 31 166 511 221 554
14224.0 32 94 377 123 399
14225.0 31 166 509 221 553
14225.0 32 94 377 122 399
14226.0 31 168 510 222 553
14226.0 32 94 376 123 398
14227.0 31 168 509 224 554
14227.0 32 94 376 122 398
14228.0 31 168 508 226 555
14228.0 32 93 376 122 398
14229.0 31 170 510 227 556
14229.0 32 92 375 122 397
14230.0 31 172 512 230 558
14230.0 32 93 375 122 397
14231.0 31 175 514 232 560
14231.0 32 94 375 124 397
14232.0 31 177 517 234 563
14232.0 32 97 377 125 398
14233.0 31 181 523 240 570
14233.0 32 99 376 128 398
14234.0 31 185 530 242 576
14234.0 32 101 375 130 398
14235.0 31 186 536 243 582
14235.0 32 103 377 132 399
14236.0 31 187 542 244 587
14236.0 32 104 378 132 400
14237.0 31 190 547 245 591
14237.0 32 104 379 133 401
14238.0 31 190 550 248 595
14238.0 32 104 379 133 402
14239.0 31 192 553 250 599
14239.0 32 103 380 133 402
14240.0 31 196 556 252 601
14240.0 32 104 380 133 403
14241.0 31 198 557 254 602
14241.0 32 103 380 133 403
14242.0 31 199 557 257 602
14242.0 32 103 380 133 404
14243.0 31 199 555 259 603
14243.0 32 103 379 133 403
14244.0 31 200 555 260 603
14244.0 32 104 379 135 404
14245.0 31 202 555 262 603
14245.0 32 105 378 136 402
14246.0 31 204 553 264 601
14246.0 32 107 377 138 401
14247.0 31 205 548 269 598
14247.0 32 109 376 140 399
14248.0 31 210 545 274 595
14248.0 32 113 375 143 399
14249.0 31 213 540 279 592
14249.0 32 114 374 145 398
14250.0 31 216 535 284 588
14250.0 32 116 371 148 396
14251.0 31 218 529 286 583
14251.0 32 118 369 149 394
14252.0 31 219 525 288 579
14252.0 32 118 366 150 391
14253.0 31 219 521 288 575
14253.0 32 118 365 150 390
14254.0 31 222 519 289 573
14254.0 32 117 364 150 389
14255.0 31 223 518 291 571
14255.0 32 116 364 149 389
14256.0 31 225 517 294 571
14256.0 32 116 364 149 390
14257.0 31 228 515 298 571
14257.0 32 117 364 149 389
14258.0 31 229 514 301 571
14258.0 32 116 368 150 395
14259.0 31 231 514 305 573
14259.0 32 118 370 152 397
14260.0 31 233 515 309 575
14260.0 32 119 372 154 400
14261.0 31 239 519 314 578
14261.0 32 120 374 158 404
14262.0 31 240 521 318 582
14262.0 32 124 378 160 406
14263.0 31 243 524 322 585
14263.0 32 125 381 162 410
14264.0 31 248 528 328 591
14264.0 32 129 385 165 413
14265.0 31 253 535 332 597
14265.0 32 132 390 166 417
14266.0 31 256 539 335 602
14266.0 32 133 394 168 422
14267.0 31 258 544 339 607
14267.0 32 133 398 169 426
14268.0 31 262 550 342 612
14268.0 32 133 401 170 431
14269.0 31 263 552 344 616
14269.0 32 133 405 170 434
14270.0 31 267 555 347 618
14270.0 32 133 407 169 436
14271.0 31 271 558 351 620
14271.0 32 130 408 170 439
14273.0 31 277 559 356 621
14273.0 32 133 411 171 441
14274.0 31 282 559 361 621
14274.0 32 135 412 172 441
14275.0 31 286 556 367 619
14275.0 32 136 412 175 442
14276.0 31 291 553 373 617
14276.0 32 139 412 178 442
14277.0 31 294 546 381 614
14277.0 32 141 411 181 442
14278.0 31 301 543 387 610
14278.0 32 144 411 184 442
14279.0 31 309 537 393 604
14279.0 32 146 409 186 441
14280.0 31 314 530 400 598
14280.0 32 149 408 188 439
14281.0 31 316 519 405 589
14281.0 32 149 406 190 438
14282.0 31 322 506 413 578
14282.0 32 151 405 191 437
14283.0 31 327 495 418 568
14283.0 32 151 404 191 436
14284.0 31 332 490 424 564
14284.0 32 151 403 192 436
14285.0 31 336 485 430 561
14285.0 32 150 401 193 436
14286.0 31 339 480 434 556
14286.0 32 150 402 193 436
14287.0 31 345 477 441 554
14287.0 32 152 402 195 436
14288.0 31 349 474 447 553
14288.0 32 154 401 197 436
14289.0 31 351 471 451 551
14289.0 32 155 401 200 437
14290.0 31 355 467 456 548
14290.0 32 159 401 203 437
14291.0 32 163 402 207 438
14292.0 32 167 403 212 438
14293.0 32 171 403 216 439
14294.0 32 174 403 220 440
14295.0 32 176 405 222 442
14296.0 32 177 406 223 443
14297.0 32 176 407 224 445
14297.0 33 62 395 86 415
14298.0 32 177 407 224 445
14298.0 33 63 396 87 416
14299.0 32 177 407 224 444
14299.0 33 64 397 89 417
14300.0 32 177 407 224 445
14300.0 33 64 398 88 418
14301.0 32 179 406 225 444
14301.0 33 64 398 89 419
14302.0 32 181 405 227 442
14302.0 33 64 399 89 419
14303.0 32 182 403 229 440
14303.0 33 63 399 88 419
14304.0 32 184 400 234 440
14304.0 33 63 398 88 419
14305.0 32 188 398 238 437
14305.0 33 62 397 88 418
14306.0 32 191 394 244 436
14306.0 33 62 396 88 417
14307.0 32 198 388 252 429
14307.0 33 63 394 88 414
14308.0 32 201 382 256 424
14308.0 33 63 394 88 414
14309.0 32 203 376 258 419
14309.0 33 64 389 91 411
14310.0 32 203 371 260 415
14310.0 33 66 387 93 408
14311.0 32 205 368 260 411
14311.0 33 68 385 94 406
14312.0 32 205 365 261 409
14312.0 33 68 384 95 405
14313.0 32 206 364 261 407
14314.0 32 207 364 261 406
14315.0 32 209 363 263 405
14316.0 32 212 363 264 404
14317.0 32 214 362 268 404
14318.0 32 217 362 272 405
14319.0 32 222 362 277 405
14320.0 32 227 363 282 407
14321.0 32 232 363 289 409
14322.0 32 235 364 294 411
14323.0 32 239 368 298 414
14324.0 32 241 370 301 418
14325.0 32 243 374 302 421
14326.0 32 244 376 303 423
14327.0 32 245 376 305 425
14328.0 32 246 377 308 426
14329.0 32 247 377 309 427
14330.0 32 249 375 312 426
14331.0 32 252 369 320 424
14333.0 32 254 369 324 424
14333.0 33 75 353 105 376
14334.0 33 76 354 107 378
14335.0 33 77 356 107 379
14336.0 33 78 358 109 382
14337.0 33 79 362 111 386
14338.0 33 79 366 112 390
14339.0 33 79 370 112 394
14340.0 33 79 374 111 399
14341.0 33 79 379 110 402
14343.0 33 79 384 110 408
14343.0 36 303 299 382 362
14344.0 33 80 388 111 412
14344.0 36 305 295 384 358
14345.0 33 79 390 110 413
14346.0 33 81 393 111 416
14347.0 33 82 395 112 418
14348.0 33 83 396 113 419
14349.0 33 83 397 113 421
14350.0 33 84 399 115 422
14351.0 33 85 399 115 423
14351.0 36 353 253 446 326
14352.0 33 85 400 115 424
14352.0 36 362 254 453 325
14353.0 33 84 401 115 424
14353.0 36 368 249 460 321
14354.0 33 84 401 114 425
14354.0 36 371 246 464 319
14355.0 33 83 402 113 425
14355.0 36 376 242 471 315
14356.0 33 83 403 112 425
14357.0 33 83 404 112 427
14358.0 33 84 405 112 428
14358.0 36 389 213 479 289
14359.0 33 83 405 113 429
14359.0 36 394 207 479 283
14360.0 33 83 406 113 430
14361.0 33 84 406 115 431
14362.0 33 85 409 117 433
14363.0 33 87 411 118 435
14364.0 33 88 412 120 437
14365.0 33 90 415 121 439
14366.0 33 92 417 122 442
14367.0 33 93 420 124 444
14368.0 33 93 423 124 447
14369.0 33 92 425 124 450
14370.0 33 92 427 124 452
14371.0 33 92 430 124 454
14372.0 33 92 431 125 456
14373.0 33 93 431 126 457
14374.0 33 94 432 126 457
14375.0 33 95 431 128 457
14376.0 33 96 431 129 457
14377.0 33 98 430 131 457
14378.0 33 100 429 134 455
14379.0 33 103 428 137 454
14380.0 33 106 424 140 451
14381.0 33 108 421 143 448
14382.0 33 108 418 143 445
14383.0 33 108 416 143 443
14384.0 33 107 414 143 442
14385.0 33 106 413 143 442
14386.0 33 107 414 142 442
14387.0 33 106 415 142 443
14388.0 33 107 415 144 444
14389.0 33 109 416 145 445
14390.0 33 111 417 148 446
14391.0 33 114 419 151 448
14392.0 33 119 421 155 449
14393.0 33 120 421 159 451
14394.0 33 124 424 161 453
14395.0 33 125 425 163 456
14396.0 33 126 427 164 458
14397.0 33 126 427 165 459
14398.0 33 125 427 166 459
14399.0 33 126 427 166 459
14400.0 33 129 427 168 458
14401.0 33 130 426 169 457
14402.0 33 131 424 172 456
14403.0 33 134 422 174 454
14404.0 33 137 420 178 453
14405.0 33 141 415 183 449
14406.0 33 146 412 187 445
14407.0 33 149 409 190 441
14408.0 33 150 404 192 437
14409.0 33 150 401 193 434
14410.0 33 152 399 193 432
14411.0 33 150 397 193 431
14412.0 33 150 396 193 431
14413.0 33 150 396 194 431
14414.0 33 152 396 196 431
14415.0 33 154 396 199 432
14416.0 33 157 396 203 433
14417.0 33 162 398 207 435
14418.0 33 165 398 213 437
14419.0 33 168 400 217 439
14420.0 33 170 402 220 442
14421.0 33 170 403 223 445
14422.0 33 172 405 223 446
14423.0 33 173 408 223 447
14424.0 33 172 406 223 447
14425.0 33 174 406 224 445
14426.0 33 175 403 226 443
14427.0 33 176 399 229 441
14428.0 33 181 399 232 440
14429.0 33 185 396 237 437
14430.0 33 194 389 245 430
14431.0 33 198 380 252 423
14432.0 33 200 373 256 418
14433.0 33 203 368 258 413
14434.0 33 204 362 259 407
14435.0 33 203 357 261 403
14436.0 33 203 353 262 400
14437.0 33 204 350 265 399
14438.0 33 206 348 267 398
14439.0 33 208 347 271 398
14440.0 33 213 349 273 397
14441.0 33 219 350 278 398
14442.0 33 226 351 286 399
14443.0 33 230 349 295 402
14444.0 33 237 350 302 403
14445.0 33 244 353 307 404
14446.0 33 245 353 312 407
14447.0 33 246 353 316 410
14448.0 33 248 352 320 410
14449.0 33 250 352 322 409
14450.0 33 252 349 326 408
14451.0 33 254 345 331 406
14452.0 33 258 341 336 402
14453.0 33 263 336 342 398
14454.0 33 275 327 355 390
14455.0 33 284 320 365 383
14456.0 33 294 314 373 376
14457.0 33 299 305 380 368
14458.0 33 306 298 385 360
14459.0 33 307 287 391 353
14460.0 33 310 278 395 346
14461.0 33 316 274 400 340
14462.0 33 320 268 405 335
14463.0 33 325 262 412 332
14464.0 33 331 257 421 328
14465.0 33 339 254 429 325
14466.0 33 347 247 441 322
14467.0 33 358 243 455 320
14468.0 33 368 239 467 318
14469.0 33 382 242 475 317
14470.0 33 391 236 479 314
14471.0 33 394 232 479 315
14472.0 33 398 228 479 312
14802.0 33 404 223 479 309
14810.0 37 88 363 116 387
14811.0 37 89 365 118 389
14812.0 37 90 367 119 391
14813.0 37 91 369 120 393
14814.0 37 92 371 120 395
14815.0 37 93 373 121 397
14816.0 37 94 375 123 400
14817.0 37 95 379 124 403
14818.0 37 96 382 125 406
14819.0 37 97 385 126 410
14820.0 37 98 389 127 413
14821.0 37 99 392 127 416
14822.0 37 99 394 128 419
14823.0 37 99 399 127 423
14824.0 37 98 402 127 426
14825.0 37 98 405 127 429
14826.0 37 98 407 127 432
14827.0 37 97 409 127 434
14828.0 37 97 409 128 435
14829.0 37 98 410 128 435
14830.0 37 98 410 130 436
14831.0 37 99 410 131 437
14832.0 37 101 409 133 436
14833.0 37 103 409 135 436
14834.0 37 105 409 137 435
14835.0 37 106 407 140 435
14836.0 37 107 406 140 433
14837.0 37 108 405 140 432
14838.0 37 108 402 141 429
14839.0 37 110 400 142 427
14841.0 37 112 399 146 428
14842.0 37 113 398 147 426
14843.0 37 114 397 148 425
14844.0 37 115 398 148 426
14845.0 37 116 399 149 426
14846.0 37 117 399 151 427
14847.0 37 119 399 154 428
14849.0 37 125 402 159 430
14852.0 37 126 407 161 435
14853.0 37 126 408 161 437
14854.0 37 126 409 161 438
14855.0 37 125 409 161 439
14856.0 37 125 408 162 438
14857.0 37 127 406 164 436
14859.0 37 130 402 168 432
14862.0 37 136 393 173 424
14863.0 37 138 388 176 419
14864.0 37 139 383 179 416
14865.0 37 140 381 180 413
14868.0 37 141 377 181 411
14869.0 37 142 377 183 410
14870.0 37 144 377 184 410
14871.0 37 146 377 187 410
14872.0 37 152 377 193 411
14873.0 37 155 379 198 414
14874.0 37 159 382 201 416
14875.0 37 160 383 202 418
14876.0 37 161 386 203 421
14877.0 37 161 387 204 423
14878.0 37 161 389 205 425
14879.0 37 162 389 205 425
14880.0 37 162 390 206 426
14881.0 37 163 391 207 427
14882.0 37 165 390 209 427
14883.0 37 167 388 212 426
14884.0 37 171 388 216 425
14885.0 37 174 385 220 423
14886.0 37 178 382 224 420
14887.0 37 181 380 227 418
14888.0 37 183 376 230 414
14889.0 37 185 374 232 413
14890.0 37 185 370 234 411
14891.0 37 185 369 236 412
14892.0 37 187 371 236 413
14893.0 37 187 371 239 414
14894.0 37 189 373 240 416
14895.0 37 190 374 244 418
14896.0 37 194 378 247 422
14897.0 37 202 384 255 427
14898.0 37 209 388 261 431
14899.0 37 213 391 267 436
14900.0 37 216 396 270 440
14901.0 37 218 398 274 444
14902.0 37 220 401 276 447
14903.0 37 221 402 278 449
14904.0 37 221 402 279 449
14905.0 37 222 401 281 450
14906.0 37 224 401 283 449
14907.0 37 227 400 285 448
14908.0 37 230 397 290 446
14909.0 37 236 395 296 445
14910.0 37 240 392 303 443
14912.0 37 247 386 311 438
14914.0 37 254 378 318 431
14915.0 37 258 373 323 427
14917.0 37 263 370 330 425
14918.0 37 267 369 335 424
14919.0 37 270 369 338 425
14920.0 37 273 370 343 427
14922.0 37 286 373 358 432
14923.0 37 295 376 367 435
14924.0 37 301 379 376 440
14925.0 37 307 384 381 444
14926.0 37 310 387 386 448
14928.0 37 315 390 393 454
14929.0 37 321 393 399 456
14930.0 37 326 395 403 458
14931.0 37 328 393 409 459
14934.0 37 341 391 422 458
14935.0 37 351 390 433 456
14936.0 37 360 386 444 455
14937.0 37 369 384 452 452
14938.0 37 375 381 460 450
14939.0 37 380 376 467 447
14940.0 37 385 372 472 443
